.Random.seed <-
c(10403L, 124L, 1433235078L, 1434269200L, 759606451L, 890906449L, 
1226509056L, -1285639714L, -263136727L, 1452087771L, -561592598L, 
-115628916L, -168006705L, 42836869L, -1830408132L, 391971090L, 
379307533L, -1116416697L, 1042153262L, 467391112L, 1872606091L, 
-1054809239L, 33381688L, 585068518L, -157014143L, -1179353325L, 
458574018L, 2118902644L, 1127149431L, 688429165L, -364857596L, 
-1605761494L, -1877873771L, 1917259823L, -1374082762L, -889927328L, 
-1796782173L, 1883476161L, -1196826448L, 1897574350L, -1561697479L, 
543337291L, -2077523718L, -618825220L, 1175329343L, -1215828203L, 
-759432148L, -1518295806L, -128004643L, 717212887L, -1636378690L, 
202015224L, -54708773L, -1729733575L, -1399394936L, -1581700810L, 
-532630671L, -1317850717L, -1873138446L, 381546564L, -1119673593L, 
-606473507L, 1519180756L, 1844615930L, -852132283L, 1793795743L, 
1179106342L, 1389828272L, 895148371L, -2035917711L, 264315296L, 
1047625022L, -1482892215L, -143206149L, 1321767114L, 1629529644L, 
-895813073L, -635964699L, 838322076L, 606351858L, 2109889645L, 
-597840473L, -1201793074L, 2108503336L, 476374827L, 494824777L, 
726856280L, -477410554L, 224175841L, -676711821L, -1813775646L, 
-2141501868L, 1471303511L, 1311728461L, -1938356508L, -1130428726L, 
1277118261L, 544058767L, 771000982L, 1046127168L, -2136268029L, 
-1656450271L, 629609488L, -885885970L, -674167911L, 1392098347L, 
270403866L, -1317180452L, 861621727L, -1969366603L, -572410036L, 
136228258L, 1936964861L, 1716363767L, 147697438L, -852807208L, 
1025911611L, 1003871449L, -201060248L, -183421546L, 1682705681L, 
-1437761853L, -187556142L, -1545902236L, 92568231L, 407241725L, 
1497011700L, -2013089062L, 703276069L, 1628653887L, -210317626L, 
-693173424L, -1917199501L, -1990414959L, -1408634944L, -1614616162L, 
631337833L, 537085851L, 2011582122L, 7063756L, 1834899855L, 676974021L, 
-41741956L, 1039073746L, -42033843L, -439869433L, -1482190866L, 
-1341868344L, -83523125L, 1282087977L, -880792968L, 1874245542L, 
336970177L, -306325933L, -2278142L, 1263078452L, 1567583671L, 
-624803411L, -1748172092L, -1377970454L, -1075938987L, 1171246831L, 
467643638L, -825582560L, 2025889251L, -1111998847L, 1683388656L, 
613611406L, -1754101511L, 1658213003L, 509293242L, -592446020L, 
-1114626305L, 78555733L, 1735544172L, 1471202754L, -910776803L, 
-2075631977L, 490526718L, 982885304L, -507854949L, -595991047L, 
7497032L, 1242706038L, 343309745L, 1968989155L, -33611598L, 894323972L, 
-2027499961L, -664798947L, 1009547156L, 379484986L, 2013644677L, 
1072608351L, 361348838L, 1951991152L, 1257926291L, 1102010161L, 
-1279029792L, -1742538114L, 492366089L, 383208251L, -1914060022L, 
1318079212L, -1707014289L, -906499931L, -1254849956L, 1842459186L, 
-1247266515L, 480100327L, 1120569102L, 1975834856L, 102116075L, 
1011786633L, 1292779288L, 819831366L, -1720614239L, -1899043533L, 
1892506786L, -56028268L, -363591145L, -835465715L, 774679332L, 
75478794L, -998499723L, -1320597041L, -1439149354L, -1106446720L, 
-347342653L, -372196096L, 1591258172L, -489509552L, 883710114L, 
-1283098808L, -941377780L, 1926318812L, 890663762L, 367538816L, 
-888399788L, 1652943848L, 60094202L, 200370512L, 893567788L, 
-1122318476L, -1701059694L, -1338378656L, 1444261772L, -1323150496L, 
-1942845470L, -1818919000L, 1959648460L, 1016073724L, -1347359822L, 
-1283077648L, 685599172L, -1671323304L, 125912442L, 1392456112L, 
-1548775492L, 427331668L, 318350274L, 752321568L, -536453956L, 
1180031568L, 1976467426L, 928061032L, 1726437964L, 1790304508L, 
1675915250L, 1921178880L, -775538828L, -1138466808L, -980081222L, 
330661328L, -1692990484L, 1485750164L, 2108963794L, 1079736160L, 
1719002444L, 23153952L, -1940601982L, 830421736L, -482515732L, 
1887988284L, -1888466062L, 1501850224L, 197031972L, 1449822008L, 
-55284582L, -2120469808L, 1847132348L, 553375380L, 50570882L, 
-1031660352L, 93679932L, -2059079536L, -389043678L, -731453944L, 
2038055180L, 1286328988L, -1060442606L, -257233536L, 732700180L, 
1137710632L, -1700518598L, -1591326768L, 1054003820L, -534010060L, 
-124231022L, 746010976L, 717492556L, -1090293792L, 897785762L, 
-1762674776L, -70055028L, -1373067588L, -856142990L, 1088141552L, 
-670099388L, -1394811560L, 275878970L, 158040944L, -2068839364L, 
-153736428L, 1998113218L, -1751514912L, 987477884L, 1728945872L, 
-934148446L, -490748888L, -1985828596L, 220689340L, 1899920690L, 
-976592960L, -605384140L, -1491592248L, -304765766L, 1688072080L, 
494392812L, -1834729388L, 1214586514L, -1770292448L, -1906537012L, 
-1280558112L, 778764994L, 1412864552L, -1238647124L, -1486236996L, 
-567217678L, 366512432L, -1087476572L, -1323310408L, 955247450L, 
-239800944L, -2116456068L, -512586476L, 1751263554L, 1481892608L, 
-902456388L, 248322896L, -251436766L, 1003380040L, -17287156L, 
-1762002852L, 1362502866L, -1342519296L, 1510136660L, -1142062616L, 
1850046458L, 809432784L, 1609852204L, 1031334132L, -1282873454L, 
1563974752L, -1550607092L, 1795671776L, 1084882274L, 742564520L, 
1801558604L, -158083204L, -72520910L, 1689460336L, 1041800516L, 
-1404830760L, -78106502L, 1015653936L, -1782576452L, 918095700L, 
539474498L, -546821216L, -1313838916L, -1447697968L, -1062623902L, 
-625372184L, 1797773260L, 1753880316L, 1833390066L, -1266729856L, 
-1547437836L, 798258312L, 1741825338L, -217283760L, 478702700L, 
1444257940L, -2108573358L, -545456416L, 1478938828L, 582375584L, 
-106129022L, -960808728L, 1053300972L, -1037920196L, 667181170L, 
2072881264L, 345743908L, 985358904L, -1574737382L, -1721446192L, 
247412284L, -241922924L, 1728582786L, -885651520L, 2002201916L, 
-1050870128L, 743920674L, 1986568L, -930530164L, -573915108L, 
582067346L, 1956842624L, 1000113172L, 1945494312L, -498854854L, 
1940417744L, 490533996L, 1817351860L, 1885184018L, -1397997600L, 
880561100L, -864797216L, 579603490L, -528755416L, 808638732L, 
1680559676L, -1940814606L, -1164117776L, -1538836668L, 4108376L, 
-1532001734L, -333788944L, 292397756L, 1027541524L, -1522619198L, 
1820456544L, -1924348548L, 860497104L, -1844461757L, -2128270780L, 
-568825614L, -1381002041L, -389566831L, 228225046L, 1046887028L, 
-1671725819L, 1692873551L, 1609456968L, 1809895654L, -1081981421L, 
1959663989L, -487989934L, -1970778720L, 1068153993L, -345011013L, 
-1941594356L, -1646168422L, 840379407L, -685266855L, -572898066L, 
999702396L, 1438559213L, -457157481L, -1192124576L, -327313602L, 
-1253488629L, 1113026701L, 435055034L, 142968824L, -763714655L, 
289742163L, 1621906548L, 82560514L, -1724376937L, 853658209L, 
-633716058L, 660736676L, -842399915L, 425411583L, 26788504L, 
-1662457930L, 1928776771L, 722904453L, 1201290786L, 430171408L, 
-36526919L, 1695000939L, -3012516L, 325084554L, 2012496255L, 
1277254857L, 1876795742L, 1040347660L, 696727005L, 1379986663L, 
-1082476272L, 369174574L, 411668187L, -1977645123L, -385195734L, 
936052168L, -96732431L, -312683421L, -1297862556L, -495633518L, 
1157083239L, -279310287L, -554049162L, 963767956L, 689185957L, 
-889898577L, -1038687640L, 1520384582L, 1975173107L, -1193337003L, 
-1451900622L, -1319197440L, 1335080425L, 1087823963L, -1122938196L, 
-547951430L, -738955665L, -1044268039L, 269173390L, -1446153380L, 
20471757L, 2042543927L, 504692160L, -537877858L, -174294165L, 
1081983725L, 880555866L, -971944936L, -1192928895L, -501903565L, 
-1647975084L, 1675382626L, 67519479L, -338891711L, 1107798214L, 
1963791876L, -287112779L, -450363745L, 1379479288L, -1946078506L, 
1200056163L, 248913701L, -289237822L, -1007566416L, -342345255L, 
-1869998261L, 1762950588L, -289403414L, -1291027937L, 379277481L, 
1842853950L, -1494435540L, 1860514685L, 1655417287L, 1190276272L, 
-1164621106L, -1863598085L, -1562441635L, 890154890L, -1545707608L, 
-1933650671L, 253955075L, 598255364L, 42412850L, 1681156487L, 
2014392273L, 1118372182L, -389177548L, -392068539L, -432681329L, 
-408492024L, -541328346L, -1942358829L, 110712373L, -290411118L, 
1656893792L, 1438705865L, 758107131L, 2007591884L, 1341556314L, 
