.Random.seed <-
c(10403L, 624L, 1127743918L, -1382207913L, 814712492L, -1284402243L, 
170977114L, -1941777133L, -1956014280L, -1754009639L, 450762182L, 
-524780145L, -810824060L, -728427595L, -518653710L, 1429119947L, 
947222672L, -1514087599L, 1642314974L, -1328315449L, -623337124L, 
-519642451L, 1857244554L, 235870595L, 535172328L, 1328973257L, 
-1187162378L, -897638145L, -1116119244L, 1127932069L, -1271708382L, 
749934139L, -104543168L, -852046015L, -324320242L, 2074621239L, 
-979539956L, -1520374371L, 1212956602L, 67467763L, -108593512L, 
-1432381511L, 1413080102L, 1192730735L, -1048568860L, -1864046187L, 
-1866425006L, 1334650027L, 59640816L, 457883441L, 1707185982L, 
-403553625L, 1292425916L, -34687859L, 736017898L, 787281507L, 
-1834527672L, 1133389225L, 1986444630L, -986121249L, -817167212L, 
-756928891L, -1979645566L, -1855729893L, 1301034912L, 1874570017L, 
-1407601042L, -716657641L, 671480172L, 1407137661L, -1223833574L, 
290229971L, 1281496568L, 1000419225L, 521593478L, -245746865L, 
220535108L, -2109624459L, 1408725426L, 1067324811L, 238702416L, 
-1442278639L, 728146334L, -1727893113L, 406832156L, 1814132333L, 
-1069785526L, 1600865091L, 512902056L, 741848457L, -228764746L, 
632440511L, -2078713356L, 1808952421L, 1936125410L, -1855784965L, 
1792234240L, -1720682751L, 203118798L, 1849070327L, -1709098292L, 
1466200413L, -2037546886L, 1867518899L, 1205001560L, 376485753L, 
1762463974L, -633850321L, -806173020L, -1608293035L, 1842509330L, 
395933291L, 659702448L, -319662351L, 1667947518L, -440659865L, 
-1797956228L, 1645684813L, -505139542L, -1463680989L, -42015992L, 
1395340649L, 12130838L, 346227103L, -818127020L, 1669569093L, 
-109245886L, 753438939L, 1450319456L, 592261857L, 1665674030L, 
1445587415L, 172436524L, 73964349L, 1927506138L, -179828589L, 
464606392L, -2096746663L, 1806987078L, -664164081L, 1396777988L, 
503450421L, 761899634L, 1706510155L, 162391568L, 2063600337L, 
-1973008802L, 1272389447L, -954095908L, -767047123L, -756142326L, 
808004867L, -716885400L, 2120262985L, -1055780746L, -1765593985L, 
-804514636L, 1265481765L, -1319414110L, 2922939L, 21010880L, 
-498475327L, -734515826L, -119885641L, 315608460L, 1801696541L, 
-1004043974L, -1771278989L, 1674935320L, 1163499321L, -1398473306L, 
-1633252369L, 208154980L, 1800773909L, -304804142L, 1412401195L, 
1545943408L, -416698703L, -386867010L, -1525965273L, 1602003004L, 
1798003725L, 1634885482L, 920177123L, -1212337720L, -271579863L, 
-1627375914L, -1932867745L, -773817836L, -251083259L, 1008325378L, 
1130828443L, 1209451808L, -1486980447L, 1300455406L, 503375767L, 
-99410196L, 1489878781L, 1316080026L, 1643463251L, 672617336L, 
-1654460647L, -42550266L, -1146691889L, -1665143100L, 865478389L, 
372024114L, -1455802101L, -1315947312L, -1066974575L, -1818055906L, 
655461639L, -1170323044L, -1757815315L, -410468406L, 436786883L, 
582934824L, 1701926153L, 1377537334L, -1284386241L, 1276219252L, 
1573700581L, 1188069218L, -892339333L, -204693376L, 1065551489L, 
-1983790514L, -380334473L, -1301733300L, 1428076765L, 1910129146L, 
-2095413453L, -598811944L, 1192900345L, 2076289638L, -1709006417L, 
-778019804L, 1580965077L, 428369810L, -955295253L, -2000228304L, 
-1850685839L, 1796449662L, 1671490535L, -541154564L, 2095796173L, 
1263095850L, 1391547299L, 2244744L, 423400681L, -570682474L, 
-1552921313L, -503884588L, -684609083L, -1969792062L, 111105115L, 
-1187370016L, 1940882017L, 260789422L, -628251305L, -634793556L, 
-1529961795L, 444131930L, 1091845139L, 1616122424L, 2054647513L, 
-1860319034L, -2133732209L, -1537115772L, 247333557L, 1996512242L, 
-1410929973L, 1285641104L, -503432623L, 467390430L, 1215412935L, 
-2074760100L, -21515859L, -20180854L, 1992966275L, -1514188824L, 
-1054227255L, -1841706506L, -780257281L, 1659488820L, -558919771L, 
-863606750L, 51191099L, 959932224L, 148631105L, 829953806L, -849073097L, 
-1146277108L, 1213562013L, -1067072838L, -15048461L, -67176L, 
-344811847L, -215804122L, -1838385297L, 979060452L, -1533716331L, 
-1179877294L, -235344981L, 1408722672L, 877108785L, 512961086L, 
524024231L, 140207548L, -1156119667L, 2687210L, 919313763L, -714207416L, 
-1892621143L, 174895190L, -1907125537L, -901714028L, 834559365L, 
-575298430L, 1750160923L, 10244768L, -1073722847L, 236980590L, 
-107994345L, 1296778348L, -64272771L, 1740163866L, 1013249491L, 
1931972856L, -905728359L, -1553361530L, -844461489L, -454704060L, 
-1153851787L, 2024068274L, -813867893L, -509531568L, 126153233L, 
-1210993506L, -1917343609L, 2015874844L, 209798509L, -646438582L, 
1613589059L, -1123647832L, 826930313L, 774686390L, 111697343L, 
1062520052L, -908715163L, -1690496798L, 2057567995L, -2009010688L, 
1444189697L, -1877267506L, -221672969L, 828114380L, 952631389L, 
-1601567878L, -1809057101L, -576333736L, -1037912455L, -276216858L, 
222563631L, 559477156L, 706925653L, 1459706130L, 380386667L, 
611753392L, -693225999L, -131109122L, -1784887449L, -1944917892L, 
158234445L, -1596886614L, -601381085L, -161440248L, -781388695L, 
823266582L, 1127520415L, 360532564L, -596719291L, -298537662L, 
440211419L, 889010528L, -2079272479L, 1845591598L, -1463263017L, 
-1237878996L, 849586749L, -2030998566L, -1113100397L, -816721992L, 
-70799783L, 1897538118L, 133234703L, -1727213820L, 80280117L, 
64621938L, 901615179L, 927973648L, 414935505L, -1136371362L, 
-1801234873L, -1468747300L, -2074699475L, -129175030L, -1343073277L, 
-2024510104L, 361882697L, -1833663626L, 682640255L, -871202892L, 
-620730587L, -877364830L, -1017864005L, 1470706880L, -18022975L, 
711655566L, 1732552631L, -701130612L, -633977827L, -1022950342L, 
-1945152397L, 1141077784L, 451581497L, 229912742L, 1349083887L, 
559504484L, -1700524011L, 977727954L, 921259819L, 553948272L, 
1084526001L, -1398246466L, 1149457703L, -576378052L, 196193037L, 
235053674L, -54169373L, -507908920L, 531678249L, 514599382L, 
2010340959L, 241984788L, 1929573637L, 886339074L, -1910335077L, 
756867104L, 2007046561L, 334476014L, -705274217L, 934177260L, 
-604516867L, -1998402406L, -291788461L, -1550659976L, 1065578009L, 
-152080634L, 1432696271L, -1147758140L, 1999377909L, -1050671566L, 
-1066958837L, -731047984L, -1117675119L, 1039384094L, -1158364153L, 
-402893668L, -369644307L, -1677032758L, -2556477L, -479650776L, 
-1916693495L, -326041546L, -850007745L, -1276970380L, -1913752859L, 
917283426L, 786367099L, -567264384L, -1692064383L, 1160222030L, 
-124418697L, 754576204L, -1604302883L, -1734556422L, -259756493L, 
-1042819624L, 92943865L, -1436295834L, 1637644463L, -1793292508L, 
1641614293L, 1815956114L, 342892779L, 811682608L, -102062735L, 
-1329710978L, 1773118183L, 802303484L, 631283405L, -394489046L, 
308607651L, -700843128L, 2042385385L, 1610286742L, -1578114017L, 
-1077002284L, 1362813125L, -363528510L, -171844773L, 2142979808L, 
309404001L, -1532319826L, 786046039L, -1267721044L, 1273475517L, 
1045228890L, -1191075053L, -559248072L, -2064192039L, -240550970L, 
-1681446001L, 121840772L, 1579348405L, 435601138L, 289092043L, 
-4641136L, 1563924817L, 295690974L, 510390727L, -914442404L, 
-2128314195L, -982461558L, -1449039997L, 1879345896L, 2040071113L, 
679623926L, 1247366911L, 1636185396L, 509623973L, 1961200418L, 
-821877701L, 311820864L, -2105733823L, -451876338L, 880550711L, 
2020146700L, -1090122851L, 1376470458L, -1958000653L, -1511852904L, 
1371641273L, -497530330L, 110972527L, -1755155996L, -1417558123L, 
-1247517870L, 822129323L, -112410128L, 1245740337L, 959495486L, 
48345255L, 1968828604L, 2063291021L, -1862319126L, 1455834211L, 
-761214392L, -1622170711L, 1103012694L, -146134561L, -194848108L, 
-1831433083L, 125192066L, 1121639707L, -2087162464L, -1941903071L, 
-2064491410L, 557029911L, -818114708L, -1775020675L, 938462746L, 
-963027757L, 794364920L, 2078420377L, -569882490L, -2133401265L, 
-153981116L, -982676107L, 912144306L, -1980193909L, -1074526896L, 
536695057L, -871839842L, -1664557177L, -1615078884L, 1302140013L, 
893379658L, -955543229L, -1947813464L, 2027434889L, -213370442L, 
