.Random.seed <-
c(10403L, 624L, 737288195L, -1668888216L, -107900855L, -835895434L, 
-1511338113L, -1726964812L, 99144485L, 1632564642L, -464130885L, 
579801280L, 19540417L, 1017330830L, 358134711L, 1289696396L, 
418656285L, -1843855302L, 1128407155L, 1477235480L, -65715655L, 
865856678L, 730263279L, -1541506972L, 1894218773L, -1497338414L, 
-1149396181L, 530673776L, -143869519L, 1630515134L, -287678169L, 
-1124743364L, -1825925363L, -1714184598L, -1947517725L, 978995400L, 
-1731825623L, -624761386L, -107746721L, 1220051220L, 459366661L, 
1072493058L, 722068891L, -584008672L, 1437877665L, 243658478L, 
1565551255L, 962987500L, 720091645L, 288540826L, 578057555L, 
-158717320L, -1690035687L, -453694714L, -158809649L, 522827204L, 
-932871691L, 584548914L, 1516358667L, 599258064L, -444609135L, 
307821086L, 806473735L, 903540892L, 791058669L, 1352236746L, 
-719009341L, 1450670120L, -957530103L, -1740260298L, 916223295L, 
578623092L, 247652069L, -1773986206L, -626241925L, 712120192L, 
-535932543L, 1998311758L, -1674210953L, 1623164748L, -1165347875L, 
-1725251334L, -1811727821L, -356699688L, -958340615L, -1886938778L, 
1808139439L, 1618846500L, 1225291733L, 1639106194L, 382758123L, 
1197090608L, -564211343L, -1274973058L, -1399673113L, 1396623868L, 
-1551529267L, 1154060074L, -522795357L, -1162455160L, 503185385L, 
-364002666L, 1438412831L, -1447666732L, -2054861627L, -43418942L, 
-1015732389L, -1624562976L, -919581343L, -587406418L, -1312806825L, 
1094957228L, 1816632765L, -166139558L, 1059483411L, -193074888L, 
384014809L, 2095790022L, 838252431L, 1098006660L, 1984454069L, 
-1033225486L, 1325497803L, -715126128L, -922630831L, -759095586L, 
-1307247161L, -1451666596L, 851405997L, -931410038L, -1539755133L, 
-1662064920L, -1276071991L, 7534838L, 732683007L, -1917038284L, 
1629530789L, 444073762L, 1369206843L, -1137451456L, 907163969L, 
1925260814L, -643289289L, 88775180L, -1600391267L, -2146090566L, 
-417983501L, 1067733144L, -1622916679L, 1119356454L, -875373969L, 
-950039068L, 261960597L, -1340743854L, -47382869L, 77700592L, 
-2006931151L, -953157314L, -363807577L, 2028113084L, -615760243L, 
-1178058774L, 813961315L, -1627838904L, 448614313L, 1447911254L, 
1763882463L, -1444481388L, -1089668987L, -1635335294L, -1923471077L, 
-295417440L, 1202459937L, 922785902L, -1415207401L, -2094257300L, 
1946108285L, 456641050L, 1795827923L, 1678272504L, -268772967L, 
-1031404410L, -1743622833L, 597527364L, 276756853L, -1580354638L, 
-1215631477L, -134815408L, -76317423L, -1243216994L, 1526590343L, 
-1378716132L, 1470365805L, -2100895670L, -1292935869L, -827517528L, 
1616633737L, -1284180554L, -1697054529L, 93211636L, -121489819L, 
1185787874L, 451301883L, -1902877440L, 452321537L, -195872050L, 
460360951L, 1027632332L, -1091994787L, 932741754L, -969232973L, 
1703030616L, 352280953L, 703410918L, -781357009L, -1283180380L, 
-1335513259L, 447330322L, -1336717205L, -1103637328L, -47038223L, 
-1887748610L, 1708427879L, -526315652L, 507425357L, 428847274L, 
1957894691L, -1511869176L, 247750505L, 729922582L, 696695711L, 
-737521324L, -1548196795L, -603665342L, 981002971L, -509857696L, 
-924345119L, 1095830830L, 2025907159L, 1642028588L, 366126397L, 
-783324454L, 266314387L, -1276533064L, -1773545127L, -226127546L, 
-1902386417L, 7050756L, 1657361717L, -1446908814L, -1245830837L, 
1379694608L, 1687483601L, 277325918L, -930309817L, 1436965084L, 
1637110829L, 3846410L, -620280061L, 175244392L, 737070921L, 504083062L, 
1508107903L, 1957889716L, -1855487451L, 866392226L, -934677573L, 
408136640L, 1719224513L, -2137911410L, 1867426487L, -882835572L, 
-919421155L, 1886683962L, 2066810739L, 722914840L, 2010267961L, 
-504946778L, -1034566161L, -1079270556L, -685642987L, -366063406L, 
839082539L, -1696806032L, 76781745L, -1046265154L, -1663166425L, 
-46509508L, 270329357L, 1155522922L, 1730405347L, 1311966152L, 
970141481L, 917166294L, 1286111583L, 1927310356L, -817393659L, 
782472450L, 1016163483L, 1335023392L, 77784225L, -525450770L, 
114418071L, 1921260L, -444479235L, 689949594L, 1466358867L, 316777848L, 
965777689L, 162127366L, 995301583L, -761503548L, -119049995L, 
-2096700110L, 727388939L, 1794166480L, -1406784367L, -144306914L, 
1484850951L, 1941240732L, -732928019L, -2120793654L, -1237258045L, 
788378408L, 912883465L, 1828138806L, -24343489L, -2048229004L, 
-1496281627L, -1172618910L, -1417194117L, -1875791232L, -1336119167L, 
1547543630L, -1560115081L, 845959756L, 859292381L, -1687600134L, 
263790899L, 522333400L, -679681799L, -949629850L, -1538532433L, 
1184222756L, -275650859L, 660842898L, 1140667371L, -2125430224L, 
642035825L, -764934274L, -852662809L, 24007932L, 346479053L, 
-596061654L, -2120847965L, -693497208L, -1683374359L, 76068246L, 
1212679967L, -1859565868L, -1652917307L, -819782206L, -983323045L, 
-821543456L, 1922952289L, -1177012562L, 60333911L, 1084621740L, 
919383229L, -211227558L, 727701011L, 1873830968L, -913368871L, 
-994907450L, -2080895345L, 1425009540L, 513363125L, -1772315150L, 
-1172192053L, -1999379056L, 971449425L, 1061237214L, 681260231L, 
-1698800036L, -208127059L, 127701642L, -1638114685L, -619699736L, 
1603006153L, -1929942026L, -560795137L, -1544242124L, 1958566309L, 
1926441506L, -698452165L, -319915712L, 1348425793L, -1944717042L, 
1145841207L, -1256037108L, 817399453L, -382286662L, 1301478131L, 
-1872475240L, 62865593L, -148293338L, 1024438639L, 1661122788L, 
628466325L, -1693859246L, 1744881067L, 408090864L, -1442478031L, 
-158757826L, -192777305L, -537061444L, 1335659917L, 1092256490L, 
-37046429L, 1040703816L, -200798551L, -505720234L, 1378176223L, 
-106634860L, 705767301L, -1237096830L, -961564645L, -1229167456L, 
1251521569L, 831449966L, -590013161L, -969312660L, 494096509L, 
-1058353894L, 898273235L, 2031477496L, -167421799L, -1604274298L, 
239780943L, 36058692L, -543233931L, 209917618L, -1009633653L, 
-1297761200L, 899144721L, 2094601886L, 379265671L, 495091996L, 
-1020539027L, 1393206090L, -1390836669L, 1835618472L, 1192631945L, 
718039222L, 263657407L, -107890956L, -152181403L, -1232350494L, 
445602043L, -448135168L, 1581383681L, -723841586L, -1595177993L, 
1447245772L, -1250620835L, 1251804538L, -1099000653L, -1919079848L, 
-1940299655L, 1307665894L, 308365103L, -273521756L, 1686969941L, 
-840918254L, -540141717L, -962318416L, -1751769103L, 583520510L, 
-795000473L, 1269209724L, -1531051699L, -1820003414L, -712982237L, 
1124888584L, -1028776343L, -614289642L, 1610633887L, 924007508L, 
1355518789L, -1664848062L, -231378469L, 493833056L, -2074919967L, 
1821532206L, -1069065513L, -208164564L, 1832236093L, -496669222L, 
-542701165L, -1647173192L, 783505497L, -646757306L, 1074477583L, 
352272644L, 129516597L, -835039374L, 1781295179L, -1356442864L, 
-2030545967L, 82688862L, -1069494201L, 247555036L, 113976109L, 
-459181046L, -1137152509L, 80297832L, 1288179273L, -1288297098L, 
1740176767L, 1904308660L, -383635163L, -1643824222L, 165280443L, 
-268155200L, -1312528447L, -1152589170L, -962551369L, -661730676L, 
1965903389L, 1885079098L, -1405358477L, -443758312L, -1056227271L, 
1753109158L, 1778425071L, -2023436700L, 1486379541L, 145241042L, 
-1390073557L, -1291573648L, -1229555791L, 199415230L, -549597401L, 
-1221927620L, -1211419379L, -1267194774L, -1032287517L, 1685569224L, 
1197207081L, -1109472298L, 664344671L, -1808509164L, -1385578747L, 
-77187070L, -1179323493L, -639569376L, -678591583L, 1336055022L, 
-1683007337L, -343893012L, -1177298947L, 1754844826L, 1400193875L, 
212148344L, -1554442215L, 1823117574L, 1056534479L, -2009396284L, 
581263349L, -2076030926L, -1896850933L, 85305808L, -708277359L, 
-331407330L, -2092155385L, 1094387356L, 1110849261L, -48167734L, 
1702434755L, 2146430504L, -1872642551L, 1391764022L, 2086183743L, 
-1232868236L, -954581787L, 33514594L, -167879557L, 1138576768L, 
-492400767L, -2077526194L, -2094301321L, -1094378164L, -475967011L, 
-885799174L, 545982515L, 653469656L, -1315643399L, -1550844058L, 
1236120239L, -2066089692L, 1834440149L, 1411419282L, -1849296149L, 
