.Random.seed <-
c(10403L, 446L, -246459635L, -167403449L, -1899834834L, 1595317128L, 
995112587L, -801716119L, -1854155720L, -1216899866L, 1444453505L, 
-1026671597L, 1578163138L, -763566988L, -307864969L, -1740127379L, 
-902294524L, -643625174L, 1051823253L, -1119696081L, -2097735114L, 
827121248L, 1562999971L, -526559295L, -654875728L, -1171585330L, 
1175737401L, -698799541L, 567934970L, -1278272772L, 523448127L, 
-1446166507L, 468636460L, 1724708866L, -490683683L, -1078023721L, 
-962173762L, -1970905352L, 1156910299L, -665514183L, 553495176L, 
1371573814L, -781648271L, -1908220765L, 1036867058L, 1380537668L, 
-1860037113L, 1341756381L, -1475052332L, 649143290L, -983018683L, 
-1930344545L, -359772890L, 339350960L, 1004047955L, -625653391L, 
-1420713824L, -185700290L, -1928390839L, -2007007749L, -1579048502L, 
1586777900L, -1560629457L, 1494425061L, 1625628828L, -239434510L, 
798850413L, 942820007L, 286450894L, -1674589656L, -2112873941L, 
1421537353L, 826257752L, 1525311494L, 38869473L, 973955955L, 
550729698L, -962175148L, 743215703L, 556237389L, -2078382620L, 
889274314L, -1762229707L, -948270961L, 1088158102L, 593610048L, 
-809625597L, -571930079L, -1306374896L, -1006419218L, -1904730471L, 
1268457259L, 2074827290L, -1809446692L, 941868255L, -507100491L, 
-103689140L, 221096098L, -233216003L, 1901040887L, -1694760418L, 
-1806648104L, -1603469253L, -615380519L, -42406040L, -463150442L, 
1748855825L, -1966031421L, -1063484974L, -1597323164L, -1441896537L, 
-367662851L, -177947404L, 310713306L, 1547480869L, -1070270913L, 
1325497798L, 962796112L, -813656461L, 342629009L, 437969600L, 
1322648734L, 630188137L, -1527921509L, 1460207018L, -165270068L, 
-1587134321L, -1950760763L, -1737199492L, 1405766866L, -1790417843L, 
-1518078713L, 1607899374L, 823114184L, -518496565L, -476655831L, 
-2033428616L, -710284122L, 586809025L, -1054689453L, -431410174L, 
611815732L, -691078473L, -1524963667L, 1771268036L, 1799933930L, 
-942731179L, 233303535L, 866383350L, 869569312L, -1092236061L, 
-1910306431L, -120127504L, 526638734L, 608412153L, -1164039285L, 
1624467386L, -1596987716L, 1755315711L, 364051285L, -1340052372L, 
1432783042L, -588342499L, 2140508567L, -483833602L, 297589432L, 
1364501659L, -1838849287L, -703454136L, -1715468426L, -1452227919L, 
-978054429L, 1272631730L, 1913905668L, 1664227655L, -1286593507L, 
1912052372L, 1878626874L, 1655250053L, -1445527201L, 2091258342L, 
1161232496L, 92668819L, -760331215L, -1297200416L, -1523233922L, 
-439090679L, 1885981243L, -668724214L, -455152660L, 825393263L, 
1713119141L, 430106460L, 992799538L, -981249491L, -2109849369L, 
768537102L, 476319720L, 1039118827L, -1373814135L, -280069608L, 
1646260550L, 844185505L, 1287959091L, -82325598L, 1117489812L, 
1171112215L, 1234181901L, -871688668L, -1999389174L, 7325557L, 
1192514255L, 1678714326L, 376154496L, 2056331715L, 333051745L, 
-1032942128L, 841678126L, 2125810905L, 2011793131L, 910795610L, 
-2064304868L, -1951579105L, 890210421L, 139236620L, -347850526L, 
-748277315L, 1129100855L, 1564765406L, 1331146100L, -1665773678L, 
315866208L, 461407628L, -1952924832L, -1082661406L, 478143400L, 
-817794868L, -1096483844L, -1767353934L, -265314832L, -1808486460L, 
197288280L, -2135947910L, 180318128L, -918104644L, -1459186604L, 
-1906087998L, 257108000L, 1658759356L, -686844336L, -263999518L, 
1287039080L, -533372852L, -1022208772L, -1332217870L, -1972126464L, 
-148744844L, -2002712568L, -894979142L, -61708848L, 105959404L, 
2014686612L, -1021077038L, 721052000L, -41821364L, -1518761696L, 
-169810046L, -1178417432L, 242249964L, 1424451644L, -712831118L, 
-2129863056L, 667720740L, 2023130936L, 2042205338L, 167224016L, 
515197116L, 472028820L, -960053630L, 202574016L, 704175932L, 
-1056870256L, -2028325342L, 1544174600L, -1967497972L, 149036188L, 
-1042304494L, 1316438912L, 1192982036L, 220378664L, 1048812858L, 
-1077144112L, -1819709332L, -852417228L, 860996242L, -1127639200L, 
-1914826932L, 1880985568L, 1336920994L, -675157080L, 1982273932L, 
-1685568324L, 1151349106L, -164728592L, -12500924L, -856453800L, 
1525834298L, 2050432880L, 1654746172L, 744655636L, -1265904190L, 
-1367157024L, 1916810108L, 827953872L, -948333406L, 1467246632L, 
-1086256884L, 1252234172L, 299091250L, -81722944L, -1427312076L, 
-216283192L, -1674582854L, 927914384L, 1530044908L, 2024848980L, 
626879634L, 29866784L, -1341103668L, 1230683616L, -1200017726L, 
1708519464L, -815997268L, -2107313988L, -379300366L, 1984781616L, 
-1491958620L, 1675485880L, -1122977446L, 1784861072L, 710971260L, 
-2009175788L, -261279934L, -1217245440L, 1861804988L, 453786448L, 
841109282L, -1076501176L, 155371020L, -569089956L, -2040579886L, 
-1838352896L, -232081068L, 240666088L, -310664198L, 177106128L, 
54737196L, 1666168564L, -63670894L, -321871776L, 1139766540L, 
1295844064L, -1269471902L, 1046792872L, -382422452L, -1657688708L, 
-1236917966L, 852614256L, 1840431940L, 627374552L, -33506182L, 
-1793753552L, 1346953916L, 805309268L, 144343106L, -620439136L, 
1657292476L, 661030352L, -1952993950L, 1127538664L, 1888767948L, 
-1314211076L, -1999299086L, -1213459328L, -1911561996L, -2016812408L, 
1574191930L, 1126600528L, 788116076L, 181205140L, 449360210L, 
1025754848L, 687951564L, -1399730016L, -489707646L, 626587368L, 
-2123833620L, 463822908L, -369340814L, -1377559440L, 1376375332L, 
-2085584840L, -231679974L, -343800112L, 2095418428L, -1565395820L, 
-1765861246L, -869838912L, 1990691132L, -1215529328L, -249444318L, 
2072369160L, -1306264436L, 547759132L, 1861501586L, 1307353216L, 
-561011692L, -870411992L, 155105850L, -1502812976L, 748731500L, 
262430388L, -2077124590L, -1251184672L, 984038348L, -1929538080L, 
-1515111902L, 1705936168L, 1863933196L, -1707592132L, 908626162L, 
184067824L, 1675194180L, -1295456680L, 1622485562L, 1588973296L, 
-2068391748L, -1555625452L, 925994178L, -1516114848L, 1015594364L, 
-679671600L, 1131609122L, 145446568L, 1203030924L, -2002516548L, 
886862898L, -316641472L, -1663482700L, 1570864968L, 2018353850L, 
-1246499056L, -784796436L, 842308692L, 1402412818L, -1796304992L, 
1820984992L, 1672389513L, 2118614971L, -966410228L, -151360102L, 
578129167L, 1034146649L, 1787407854L, -418412420L, 956833005L, 
-409166953L, 1428833376L, 1137337918L, 126660363L, 1702745485L, 
1290755770L, -267981576L, 323390113L, 209717843L, -795642508L, 
-1925866750L, 691063703L, 219602273L, 289799590L, -324059228L, 
769993301L, -245171457L, 458719128L, -1740795722L, 172684611L, 
-593562491L, -404828894L, 887969296L, 1501574585L, 399885931L, 
1965439324L, -2045718390L, 578566271L, -597231159L, -307955106L, 
525906188L, 861136093L, -1185238553L, -826463728L, 1168541486L, 
-1892283429L, 364711101L, -1498690006L, 167125704L, 588716017L, 
364960099L, -250132124L, -392737646L, 1951310183L, 493040433L, 
361953398L, 378675604L, 1221936549L, 950845103L, -1993873560L, 
1362430790L, -1769706765L, -383613867L, 24283186L, -131070464L, 
-1983928599L, -1316965029L, 1751046060L, 2128329658L, -1893923473L, 
-2028892423L, -1636264050L, -1268493732L, -373346099L, -1435172809L, 
754162368L, -168108642L, -1246794133L, 1677633005L, -469191590L, 
53035800L, 1835051137L, -67383757L, -1706683308L, 789008482L, 
2047334135L, 661629249L, 1446809542L, 1024685316L, -1279038283L, 
-1613804641L, 1158882296L, -972948010L, 1345668195L, 1828941861L, 
-373422142L, 1548917936L, -1679140647L, 325750347L, 483255484L, 
746576618L, 1833474847L, 372855721L, 706286910L, -151462868L, 
193862269L, 222516423L, 883732912L, 2103581646L, 2093205755L, 
2015956829L, -323556214L, -1586505048L, 1496114705L, -386091261L, 
-135818748L, 305371698L, -1348285817L, -24023343L, -1696991146L, 
-620820428L, 308308805L, -570893937L, 1149325576L, 126372646L, 
257508307L, 494646581L, -543255406L, 952650848L, 185461193L, 
-973651717L, -1055490356L, 789574490L, 126998095L, 1541419801L, 
904326446L, -1559382212L, 318297261L, 1131145047L, -151836000L, 
35324926L, 1012740811L, -523737907L, -30791686L, 1305639992L, 
-124506655L, -1645889901L, -543271756L, 2005032386L, 1825893847L, 
